0,木剑,一把木头制成的剑，削豆腐如泥,1,1,10,0,0,0,0,15,0,0
1,玄铁剑,铁制的宝剑，削铁如泥,1,1,25,0,0,0,0,20,0,0
2,金剑,金制的剑，直接用壕气吓死对面,1,1,40,0,0,0,0,25,0,0
3,无尽战刃,不是你熟悉的无尽战刃，但也同样致命,1,1,50,0,0,0,0,30,0,0
4,布鞋,比刘备编的草鞋稍微好一些,1,2,10,0,0,0,0,0,0,0
5,战靴,让你脚下生风的靴子,1,2,25,0,0,0,0,0,0,1
6,金靴,穿金猴皮鞋，走金光大道,1,2,40,0,0,0,0,0,0,2
7,疾行之靴,疾行如风,1,2,50,0,0,0,0,0,0,4
8,木甲,木头做的盔甲，小心蛀虫,1,0,10,0,0,0,0,0,1,0
9,玄铁甲,玄铁制作而成的盔甲，反射出冷冷的光,1,0,25,0,0,0,0,0,5,0
10,黄金甲,满城皆戴黄金甲,1,0,40,0,0,0,0,0,8,0
11,守护者之铠,刀剑不摧的铠甲,1,0,50,0,0,0,0,0,12,0
12,果实1,一种可以吃的果子,0,3,5,300,50,0,0,0,0,0
13,果实2,一种可以吃的果子,0,3,10,500,100,0,0,0,0,0
14,果实3,一种可以吃的果子,0,3,15,800,200,0,0,0,0,0
15,水晶球,好像是藏了不得了的东西,2,3,100,0,0,0,0,0,0,0
16,神秘药水,由女巫炼制的药水，好像有解除什么东西的功效,2,3,100,0,0,0,0,0,0,0
17,玩偶,可以解除诅咒的一个玩偶,2,3,100,0,0,0,0,0,0,0